0 0.28778910636901855
1 0.27312612533569336
2 0.2770259380340576
3 0.2580840587615967
4 0.27399110794067383
5 0.2859640121459961
6 0.25354886054992676
7 0.2739861011505127
8 0.25403499603271484
9 0.27289509773254395
10 0.26648712158203125
11 0.2587401866912842
12 0.26189088821411133
13 0.29494500160217285
14 0.2633860111236572
15 0.2649381160736084
16 0.2560131549835205
17 0.30866289138793945
18 0.26174497604370117
19 0.27610111236572266
20 0.27265119552612305
21 0.26177215576171875
22 0.27667808532714844
23 0.26927900314331055
24 0.262692928314209
25 0.28376102447509766
26 0.2568020820617676
27 0.25344300270080566
28 0.2829020023345947
29 0.27330899238586426
30 0.26108288764953613
31 0.2808680534362793
32 0.27642822265625
33 0.2579348087310791
34 0.29668307304382324
35 0.2785050868988037
36 0.26664113998413086
37 0.2744100093841553
38 0.2680690288543701
39 0.2996339797973633
40 0.2811000347137451
41 0.27187609672546387
42 0.26633405685424805
43 0.2692718505859375
44 0.27852296829223633
45 0.26923108100891113
46 0.2732069492340088
47 0.28832507133483887
48 0.270399808883667
49 0.2658271789550781
50 0.29209089279174805
51 0.28557515144348145
52 0.2626769542694092
53 0.2868168354034424
54 0.29086899757385254
55 0.275864839553833
56 0.29927992820739746
57 0.31146788597106934
58 0.280285120010376
59 0.26964902877807617
60 0.27640414237976074
61 0.27294087409973145
62 0.27223801612854004
63 0.293226957321167
64 0.3007941246032715
65 0.2668769359588623
66 0.28571081161499023
67 0.28492283821105957
68 0.28286290168762207
69 0.2709498405456543
70 0.2921638488769531
71 0.28041601181030273
72 0.2835562229156494
73 0.29749202728271484
74 0.300037145614624
75 0.2832350730895996
76 0.2940690517425537
77 0.29607200622558594
78 0.27814316749572754
79 0.28247809410095215
80 0.2905600070953369
81 0.2980320453643799
82 0.29670095443725586
83 0.30071592330932617
84 0.27901601791381836
85 0.2827270030975342
86 0.28063201904296875
87 0.28392791748046875
88 0.2817699909210205
89 0.2891349792480469
90 0.2794308662414551
91 0.3083689212799072
92 0.29682397842407227
93 0.27785396575927734
94 0.29100513458251953
95 0.2928299903869629
96 0.28535985946655273
97 0.28680992126464844
98 0.30983495712280273
99 0.28487300872802734
