0 0.20190215110778809
1 0.19414806365966797
2 0.19386792182922363
3 0.2161099910736084
4 0.20044612884521484
5 0.2071530818939209
6 0.2063438892364502
7 0.20908904075622559
8 0.2279670238494873
9 0.2158949375152588
10 0.23497390747070312
11 0.2367548942565918
12 0.2508268356323242
13 0.2545609474182129
14 0.25934410095214844
15 0.2834899425506592
16 0.3074178695678711
17 0.3182051181793213
18 0.3706228733062744
19 0.3451368808746338
20 0.36942100524902344
21 0.37988901138305664
22 0.42134594917297363
23 0.4989941120147705
24 0.5115699768066406
25 0.5156419277191162
26 0.5744180679321289
27 0.6145608425140381
28 0.6291580200195312
29 0.6726181507110596
30 0.6913540363311768
31 0.7499561309814453
32 0.9534420967102051
33 0.8719379901885986
34 1.0288739204406738
35 1.057455062866211
36 1.1770119667053223
37 1.2285799980163574
38 1.2508268356323242
39 1.2766549587249756
40 1.404191017150879
41 1.3722808361053467
42 1.30971097946167
43 1.431603193283081
44 1.4575920104980469
45 1.973341941833496
46 2.182471990585327
47 2.593366861343384
48 2.0650558471679688
49 2.163879156112671
50 2.4568841457366943
51 2.589055061340332
52 2.7241530418395996
53 2.8230438232421875
54 2.895569086074829
55 2.9516091346740723
56 3.0387089252471924
57 3.296869993209839
58 3.0485031604766846
59 3.4841201305389404
60 3.568979024887085
61 3.635603904724121
62 3.7343199253082275
63 3.900142192840576
64 4.824349880218506
65 4.899341106414795
66 5.073484182357788
67 5.164855003356934
68 5.427102088928223
69 5.602626085281372
70 5.814019203186035
71 5.898252010345459
72 6.054224967956543
73 6.1607890129089355
74 6.371476888656616
75 6.455386161804199
76 6.88846492767334
77 7.134023189544678
78 7.071619033813477
79 7.230777978897095
80 6.730871915817261
81 7.564373970031738
82 7.775943994522095
83 8.69638204574585
84 8.088788986206055
85 8.531775951385498
86 8.851877927780151
87 8.734627962112427
88 8.006783962249756
89 9.935506105422974
90 9.305590152740479
91 11.582832098007202
92 11.720587968826294
93 11.966495990753174
94 12.229649066925049
95 12.265913963317871
96 12.621562004089355
97 12.82588791847229
98 13.205742835998535
99 13.36458706855774
